
Parameter				Value
Filter Type:			RC-low-pass Filter
Input Voltage(Vin)		1.0000 V
Output Voltage(Vout)	0.0665 V
Resistance(R)			20.0000 Ω
Capacitance(C)			1.000000000000 F
Frequency(f)			0.1195 Hz
Cutoff Frequency(fc)	0.0080 Hz
Gain(dB)				-23.5410 dB
Phase Shift(°)			-86.1859 °

|     Freq(Hz) |      Vout(V) |     Gain(dB) |    Phase(°) |
|       0.0000 |       1.0000 |       0.0000 |      -0.0000 |
|       0.0002 |       0.9998 |      -0.0017 |      -1.1458 |
|       0.0003 |       0.9992 |      -0.0069 |      -2.2906 |
|       0.0005 |       0.9982 |      -0.0156 |      -3.4336 |
|       0.0006 |       0.9968 |      -0.0277 |      -4.5739 |
|       0.0008 |       0.9950 |      -0.0432 |      -5.7106 |
|       0.0010 |       0.9929 |      -0.0621 |      -6.8428 |
|       0.0011 |       0.9903 |      -0.0843 |      -7.9696 |
|       0.0013 |       0.9874 |      -0.1098 |      -9.0903 |
|       0.0014 |       0.9842 |      -0.1385 |     -10.2040 |
|       0.0016 |       0.9806 |      -0.1703 |     -11.3099 |
|       0.0018 |       0.9766 |      -0.2053 |     -12.4074 |
|       0.0019 |       0.9724 |      -0.2432 |     -13.4957 |
|       0.0021 |       0.9678 |      -0.2841 |     -14.5742 |
|       0.0022 |       0.9630 |      -0.3278 |     -15.6422 |
|       0.0024 |       0.9578 |      -0.3743 |     -16.6992 |
|       0.0025 |       0.9524 |      -0.4234 |     -17.7447 |
|       0.0027 |       0.9468 |      -0.4751 |     -18.7780 |
|       0.0029 |       0.9409 |      -0.5292 |     -19.7989 |
|       0.0030 |       0.9348 |      -0.5858 |     -20.8068 |
|       0.0032 |       0.9285 |      -0.6446 |     -21.8014 |
|       0.0033 |       0.9220 |      -0.7055 |     -22.7824 |
|       0.0035 |       0.9153 |      -0.7686 |     -23.7495 |
|       0.0037 |       0.9085 |      -0.8336 |     -24.7024 |
|       0.0038 |       0.9015 |      -0.9005 |     -25.6410 |
|       0.0040 |       0.8944 |      -0.9691 |     -26.5650 |
|       0.0041 |       0.8872 |      -1.0394 |     -27.4744 |
|       0.0043 |       0.8799 |      -1.1113 |     -28.3690 |
|       0.0045 |       0.8725 |      -1.1846 |     -29.2488 |
|       0.0046 |       0.8650 |      -1.2594 |     -30.1137 |
|       0.0048 |       0.8575 |      -1.3354 |     -30.9638 |
|       0.0049 |       0.8499 |      -1.4126 |     -31.7989 |
|       0.0051 |       0.8423 |      -1.4910 |     -32.6192 |
|       0.0053 |       0.8346 |      -1.5703 |     -33.4248 |
|       0.0054 |       0.8269 |      -1.6507 |     -34.2157 |
|       0.0056 |       0.8192 |      -1.7319 |     -34.9920 |
|       0.0057 |       0.8115 |      -1.8139 |     -35.7539 |
|       0.0059 |       0.8038 |      -1.8966 |     -36.5014 |
|       0.0060 |       0.7962 |      -1.9800 |     -37.2348 |
|       0.0062 |       0.7885 |      -2.0639 |     -37.9542 |
|       0.0064 |       0.7809 |      -2.1484 |     -38.6598 |
|       0.0065 |       0.7733 |      -2.2334 |     -39.3518 |
|       0.0067 |       0.7657 |      -2.3188 |     -40.0303 |
|       0.0068 |       0.7582 |      -2.4045 |     -40.6955 |
|       0.0070 |       0.7507 |      -2.4905 |     -41.3478 |
|       0.0072 |       0.7433 |      -2.5768 |     -41.9872 |
|       0.0073 |       0.7359 |      -2.6633 |     -42.6141 |
|       0.0075 |       0.7286 |      -2.7499 |     -43.2285 |
|       0.0076 |       0.7214 |      -2.8366 |     -43.8309 |
|       0.0078 |       0.7142 |      -2.9234 |     -44.4213 |
|       0.0080 |       0.7071 |      -3.0103 |     -45.0000 |
|       0.0081 |       0.7001 |      -3.0972 |     -45.5673 |
|       0.0083 |       0.6931 |      -3.1840 |     -46.1233 |
|       0.0084 |       0.6862 |      -3.2707 |     -46.6683 |
|       0.0086 |       0.6794 |      -3.3574 |     -47.2026 |
|       0.0088 |       0.6727 |      -3.4439 |     -47.7263 |
|       0.0089 |       0.6660 |      -3.5303 |     -48.2397 |
|       0.0091 |       0.6594 |      -3.6165 |     -48.7430 |
|       0.0092 |       0.6529 |      -3.7025 |     -49.2364 |
|       0.0094 |       0.6465 |      -3.7883 |     -49.7201 |
|       0.0095 |       0.6402 |      -3.8739 |     -50.1944 |
|       0.0097 |       0.6339 |      -3.9592 |     -50.6595 |
|       0.0099 |       0.6278 |      -4.0442 |     -51.1155 |
|       0.0100 |       0.6217 |      -4.1290 |     -51.5627 |
|       0.0102 |       0.6156 |      -4.2134 |     -52.0013 |
|       0.0103 |       0.6097 |      -4.2975 |     -52.4314 |
|       0.0105 |       0.6039 |      -4.3813 |     -52.8533 |
|       0.0107 |       0.5981 |      -4.4647 |     -53.2672 |
|       0.0108 |       0.5924 |      -4.5478 |     -53.6732 |
|       0.0110 |       0.5868 |      -4.6306 |     -54.0715 |
|       0.0111 |       0.5812 |      -4.7129 |     -54.4623 |
|       0.0113 |       0.5758 |      -4.7949 |     -54.8458 |
|       0.0115 |       0.5704 |      -4.8765 |     -55.2222 |
|       0.0116 |       0.5651 |      -4.9577 |     -55.5915 |
|       0.0118 |       0.5599 |      -5.0384 |     -55.9541 |
|       0.0119 |       0.5547 |      -5.1188 |     -56.3099 |
|       0.0121 |       0.5496 |      -5.1988 |     -56.6593 |
|       0.0123 |       0.5446 |      -5.2784 |     -57.0023 |
|       0.0124 |       0.5397 |      -5.3575 |     -57.3391 |
|       0.0126 |       0.5348 |      -5.4362 |     -57.6698 |
|       0.0127 |       0.5300 |      -5.5145 |     -57.9946 |
|       0.0129 |       0.5253 |      -5.5924 |     -58.3136 |
|       0.0131 |       0.5206 |      -5.6698 |     -58.6270 |
|       0.0132 |       0.5160 |      -5.7468 |     -58.9348 |
|       0.0134 |       0.5115 |      -5.8234 |     -59.2373 |
|       0.0135 |       0.5070 |      -5.8995 |     -59.5344 |
|       0.0137 |       0.5026 |      -5.9752 |     -59.8265 |
|       0.0138 |       0.4983 |      -6.0505 |     -60.1135 |
|       0.0140 |       0.4940 |      -6.1253 |     -60.3955 |
|       0.0142 |       0.4898 |      -6.1997 |     -60.6728 |
|       0.0143 |       0.4856 |      -6.2737 |     -60.9454 |
|       0.0145 |       0.4815 |      -6.3472 |     -61.2134 |
|       0.0146 |       0.4775 |      -6.4203 |     -61.4769 |
|       0.0148 |       0.4735 |      -6.4930 |     -61.7360 |
|       0.0150 |       0.4696 |      -6.5652 |     -61.9908 |
|       0.0151 |       0.4657 |      -6.6370 |     -62.2414 |
|       0.0153 |       0.4619 |      -6.7084 |     -62.4880 |
|       0.0154 |       0.4582 |      -6.7793 |     -62.7305 |
|       0.0156 |       0.4545 |      -6.8499 |     -62.9691 |
|       0.0158 |       0.4508 |      -6.9200 |     -63.2039 |
|       0.0159 |       0.4472 |      -6.9897 |     -63.4349 |
|       0.0161 |       0.4437 |      -7.0590 |     -63.6623 |
|       0.0162 |       0.4402 |      -7.1278 |     -63.8861 |
|       0.0164 |       0.4367 |      -7.1963 |     -64.1063 |
|       0.0166 |       0.4333 |      -7.2643 |     -64.3232 |
|       0.0167 |       0.4299 |      -7.3320 |     -64.5366 |
|       0.0169 |       0.4266 |      -7.3992 |     -64.7468 |
|       0.0170 |       0.4233 |      -7.4660 |     -64.9538 |
|       0.0172 |       0.4201 |      -7.5325 |     -65.1576 |
|       0.0173 |       0.4169 |      -7.5985 |     -65.3583 |
|       0.0175 |       0.4138 |      -7.6641 |     -65.5560 |
|       0.0177 |       0.4107 |      -7.7294 |     -65.7508 |
|       0.0178 |       0.4077 |      -7.7942 |     -65.9426 |
|       0.0180 |       0.4046 |      -7.8587 |     -66.1317 |
|       0.0181 |       0.4017 |      -7.9228 |     -66.3179 |
|       0.0183 |       0.3987 |      -7.9865 |     -66.5014 |
|       0.0185 |       0.3958 |      -8.0498 |     -66.6823 |
|       0.0186 |       0.3930 |      -8.1128 |     -66.8605 |
|       0.0188 |       0.3901 |      -8.1754 |     -67.0362 |
|       0.0189 |       0.3874 |      -8.2376 |     -67.2094 |
|       0.0191 |       0.3846 |      -8.2995 |     -67.3801 |
|       0.0193 |       0.3819 |      -8.3610 |     -67.5485 |
|       0.0194 |       0.3792 |      -8.4221 |     -67.7144 |
|       0.0196 |       0.3766 |      -8.4829 |     -67.8781 |
|       0.0197 |       0.3740 |      -8.5433 |     -68.0394 |
|       0.0199 |       0.3714 |      -8.6034 |     -68.1986 |
|       0.0201 |       0.3688 |      -8.6631 |     -68.3556 |
|       0.0202 |       0.3663 |      -8.7225 |     -68.5104 |
|       0.0204 |       0.3639 |      -8.7815 |     -68.6631 |
|       0.0205 |       0.3614 |      -8.8402 |     -68.8138 |
|       0.0207 |       0.3590 |      -8.8986 |     -68.9625 |
|       0.0208 |       0.3566 |      -8.9567 |     -69.1092 |
|       0.0210 |       0.3542 |      -9.0144 |     -69.2539 |
|       0.0212 |       0.3519 |      -9.0718 |     -69.3968 |
|       0.0213 |       0.3496 |      -9.1288 |     -69.5377 |
|       0.0215 |       0.3473 |      -9.1855 |     -69.6769 |
|       0.0216 |       0.3451 |      -9.2420 |     -69.8142 |
|       0.0218 |       0.3428 |      -9.2981 |     -69.9498 |
|       0.0220 |       0.3406 |      -9.3539 |     -70.0836 |
|       0.0221 |       0.3385 |      -9.4094 |     -70.2157 |
|       0.0223 |       0.3363 |      -9.4645 |     -70.3462 |
|       0.0224 |       0.3342 |      -9.5194 |     -70.4750 |
|       0.0226 |       0.3321 |      -9.5740 |     -70.6022 |
|       0.0228 |       0.3301 |      -9.6282 |     -70.7278 |
|       0.0229 |       0.3280 |      -9.6822 |     -70.8519 |
|       0.0231 |       0.3260 |      -9.7359 |     -70.9744 |
|       0.0232 |       0.3240 |      -9.7893 |     -71.0954 |
|       0.0234 |       0.3220 |      -9.8424 |     -71.2150 |
|       0.0236 |       0.3201 |      -9.8952 |     -71.3331 |
|       0.0237 |       0.3181 |      -9.9478 |     -71.4498 |
|       0.0239 |       0.3162 |     -10.0000 |     -71.5651 |
|       0.0240 |       0.3143 |     -10.0520 |     -71.6790 |
|       0.0242 |       0.3125 |     -10.1037 |     -71.7915 |
|       0.0244 |       0.3106 |     -10.1551 |     -71.9028 |
|       0.0245 |       0.3088 |     -10.2063 |     -72.0127 |
|       0.0247 |       0.3070 |     -10.2572 |     -72.1213 |
|       0.0248 |       0.3052 |     -10.3078 |     -72.2287 |
|       0.0250 |       0.3035 |     -10.3581 |     -72.3348 |
|       0.0251 |       0.3017 |     -10.4082 |     -72.4397 |
|       0.0253 |       0.3000 |     -10.4581 |     -72.5435 |
|       0.0255 |       0.2983 |     -10.5077 |     -72.6460 |
|       0.0256 |       0.2966 |     -10.5570 |     -72.7474 |
|       0.0258 |       0.2949 |     -10.6061 |     -72.8476 |
|       0.0259 |       0.2933 |     -10.6549 |     -72.9467 |
|       0.0261 |       0.2916 |     -10.7035 |     -73.0447 |
|       0.0263 |       0.2900 |     -10.7518 |     -73.1416 |
|       0.0264 |       0.2884 |     -10.7999 |     -73.2375 |
|       0.0266 |       0.2868 |     -10.8478 |     -73.3323 |
|       0.0267 |       0.2853 |     -10.8954 |     -73.4260 |
|       0.0269 |       0.2837 |     -10.9428 |     -73.5187 |
|       0.0271 |       0.2822 |     -10.9899 |     -73.6105 |
|       0.0272 |       0.2806 |     -11.0368 |     -73.7012 |
|       0.0274 |       0.2791 |     -11.0835 |     -73.7910 |
|       0.0275 |       0.2777 |     -11.1299 |     -73.8798 |
|       0.0277 |       0.2762 |     -11.1762 |     -73.9677 |
|       0.0279 |       0.2747 |     -11.2222 |     -74.0546 |
|       0.0280 |       0.2733 |     -11.2679 |     -74.1407 |
|       0.0282 |       0.2718 |     -11.3135 |     -74.2258 |
|       0.0283 |       0.2704 |     -11.3588 |     -74.3100 |
|       0.0285 |       0.2690 |     -11.4040 |     -74.3934 |
|       0.0286 |       0.2676 |     -11.4489 |     -74.4759 |
|       0.0288 |       0.2663 |     -11.4936 |     -74.5576 |
|       0.0290 |       0.2649 |     -11.5380 |     -74.6384 |
|       0.0291 |       0.2636 |     -11.5823 |     -74.7184 |
|       0.0293 |       0.2622 |     -11.6264 |     -74.7976 |
|       0.0294 |       0.2609 |     -11.6702 |     -74.8760 |
|       0.0296 |       0.2596 |     -11.7139 |     -74.9536 |
|       0.0298 |       0.2583 |     -11.7573 |     -75.0305 |
|       0.0299 |       0.2570 |     -11.8006 |     -75.1066 |
|       0.0301 |       0.2558 |     -11.8436 |     -75.1819 |
|       0.0302 |       0.2545 |     -11.8865 |     -75.2565 |
|       0.0304 |       0.2532 |     -11.9291 |     -75.3303 |
|       0.0306 |       0.2520 |     -11.9716 |     -75.4034 |
|       0.0307 |       0.2508 |     -12.0139 |     -75.4759 |
|       0.0309 |       0.2496 |     -12.0560 |     -75.5476 |
|       0.0310 |       0.2484 |     -12.0978 |     -75.6186 |
|       0.0312 |       0.2472 |     -12.1395 |     -75.6890 |
|       0.0314 |       0.2460 |     -12.1811 |     -75.7587 |
|       0.0315 |       0.2448 |     -12.2224 |     -75.8277 |
|       0.0317 |       0.2437 |     -12.2635 |     -75.8960 |
|       0.0318 |       0.2425 |     -12.3045 |     -75.9638 |
|       0.0320 |       0.2414 |     -12.3453 |     -76.0309 |
|       0.0321 |       0.2403 |     -12.3859 |     -76.0973 |
|       0.0323 |       0.2392 |     -12.4263 |     -76.1632 |
|       0.0325 |       0.2381 |     -12.4666 |     -76.2284 |
|       0.0326 |       0.2370 |     -12.5067 |     -76.2931 |
|       0.0328 |       0.2359 |     -12.5466 |     -76.3571 |
|       0.0329 |       0.2348 |     -12.5863 |     -76.4206 |
|       0.0331 |       0.2337 |     -12.6259 |     -76.4835 |
|       0.0333 |       0.2327 |     -12.6652 |     -76.5458 |
|       0.0334 |       0.2316 |     -12.7045 |     -76.6075 |
|       0.0336 |       0.2306 |     -12.7435 |     -76.6687 |
|       0.0337 |       0.2296 |     -12.7824 |     -76.7294 |
|       0.0339 |       0.2285 |     -12.8212 |     -76.7895 |
|       0.0341 |       0.2275 |     -12.8597 |     -76.8491 |
|       0.0342 |       0.2265 |     -12.8981 |     -76.9081 |
|       0.0344 |       0.2255 |     -12.9364 |     -76.9667 |
|       0.0345 |       0.2245 |     -12.9745 |     -77.0247 |
|       0.0347 |       0.2236 |     -13.0124 |     -77.0822 |
|       0.0349 |       0.2226 |     -13.0502 |     -77.1392 |
|       0.0350 |       0.2216 |     -13.0878 |     -77.1958 |
|       0.0352 |       0.2207 |     -13.1253 |     -77.2518 |
|       0.0353 |       0.2197 |     -13.1626 |     -77.3074 |
|       0.0355 |       0.2188 |     -13.1997 |     -77.3624 |
|       0.0357 |       0.2179 |     -13.2367 |     -77.4171 |
|       0.0358 |       0.2169 |     -13.2736 |     -77.4712 |
|       0.0360 |       0.2160 |     -13.3103 |     -77.5249 |
|       0.0361 |       0.2151 |     -13.3469 |     -77.5782 |
|       0.0363 |       0.2142 |     -13.3833 |     -77.6310 |
|       0.0364 |       0.2133 |     -13.4196 |     -77.6833 |
|       0.0366 |       0.2124 |     -13.4557 |     -77.7353 |
|       0.0368 |       0.2116 |     -13.4917 |     -77.7867 |
|       0.0369 |       0.2107 |     -13.5276 |     -77.8378 |
|       0.0371 |       0.2098 |     -13.5633 |     -77.8885 |
|       0.0372 |       0.2090 |     -13.5988 |     -77.9387 |
|       0.0374 |       0.2081 |     -13.6343 |     -77.9885 |
|       0.0376 |       0.2073 |     -13.6695 |     -78.0380 |
|       0.0377 |       0.2064 |     -13.7047 |     -78.0870 |
|       0.0379 |       0.2056 |     -13.7397 |     -78.1356 |
|       0.0380 |       0.2048 |     -13.7746 |     -78.1839 |
|       0.0382 |       0.2040 |     -13.8094 |     -78.2317 |
|       0.0384 |       0.2031 |     -13.8440 |     -78.2792 |
|       0.0385 |       0.2023 |     -13.8785 |     -78.3263 |
|       0.0387 |       0.2015 |     -13.9128 |     -78.3730 |
|       0.0388 |       0.2007 |     -13.9471 |     -78.4194 |
|       0.0390 |       0.2000 |     -13.9812 |     -78.4654 |
|       0.0392 |       0.1992 |     -14.0151 |     -78.5110 |
|       0.0393 |       0.1984 |     -14.0490 |     -78.5563 |
|       0.0395 |       0.1976 |     -14.0827 |     -78.6013 |
|       0.0396 |       0.1969 |     -14.1163 |     -78.6458 |
|       0.0398 |       0.1961 |     -14.1498 |     -78.6901 |
|       0.0399 |       0.1954 |     -14.1831 |     -78.7340 |
|       0.0401 |       0.1946 |     -14.2163 |     -78.7776 |
|       0.0403 |       0.1939 |     -14.2494 |     -78.8208 |
|       0.0404 |       0.1931 |     -14.2824 |     -78.8637 |
|       0.0406 |       0.1924 |     -14.3153 |     -78.9063 |
|       0.0407 |       0.1917 |     -14.3480 |     -78.9486 |
|       0.0409 |       0.1910 |     -14.3806 |     -78.9905 |
|       0.0411 |       0.1903 |     -14.4131 |     -79.0322 |
|       0.0412 |       0.1895 |     -14.4455 |     -79.0735 |
|       0.0414 |       0.1888 |     -14.4778 |     -79.1145 |
|       0.0415 |       0.1881 |     -14.5100 |     -79.1552 |
|       0.0417 |       0.1875 |     -14.5420 |     -79.1956 |
|       0.0419 |       0.1868 |     -14.5739 |     -79.2357 |
|       0.0420 |       0.1861 |     -14.6058 |     -79.2756 |
|       0.0422 |       0.1854 |     -14.6375 |     -79.3151 |
|       0.0423 |       0.1847 |     -14.6691 |     -79.3544 |
|       0.0425 |       0.1841 |     -14.7005 |     -79.3933 |
|       0.0427 |       0.1834 |     -14.7319 |     -79.4320 |
|       0.0428 |       0.1827 |     -14.7632 |     -79.4704 |
|       0.0430 |       0.1821 |     -14.7943 |     -79.5085 |
|       0.0431 |       0.1814 |     -14.8254 |     -79.5464 |
|       0.0433 |       0.1808 |     -14.8563 |     -79.5840 |
|       0.0434 |       0.1802 |     -14.8872 |     -79.6213 |
|       0.0436 |       0.1795 |     -14.9179 |     -79.6584 |
|       0.0438 |       0.1789 |     -14.9485 |     -79.6952 |
|       0.0439 |       0.1783 |     -14.9790 |     -79.7317 |
|       0.0441 |       0.1776 |     -15.0095 |     -79.7680 |
|       0.0442 |       0.1770 |     -15.0398 |     -79.8040 |
|       0.0444 |       0.1764 |     -15.0700 |     -79.8398 |
|       0.0446 |       0.1758 |     -15.1001 |     -79.8754 |
|       0.0447 |       0.1752 |     -15.1301 |     -79.9106 |
|       0.0449 |       0.1746 |     -15.1600 |     -79.9457 |
|       0.0450 |       0.1740 |     -15.1898 |     -79.9805 |
|       0.0452 |       0.1734 |     -15.2196 |     -80.0151 |
|       0.0454 |       0.1728 |     -15.2492 |     -80.0494 |
|       0.0455 |       0.1722 |     -15.2787 |     -80.0835 |
|       0.0457 |       0.1716 |     -15.3081 |     -80.1174 |
|       0.0458 |       0.1711 |     -15.3374 |     -80.1510 |
|       0.0460 |       0.1705 |     -15.3667 |     -80.1844 |
|       0.0462 |       0.1699 |     -15.3958 |     -80.2176 |
|       0.0463 |       0.1693 |     -15.4248 |     -80.2506 |
|       0.0465 |       0.1688 |     -15.4538 |     -80.2833 |
|       0.0466 |       0.1682 |     -15.4826 |     -80.3159 |
|       0.0468 |       0.1677 |     -15.5114 |     -80.3482 |
|       0.0470 |       0.1671 |     -15.5401 |     -80.3803 |
|       0.0471 |       0.1666 |     -15.5686 |     -80.4122 |
|       0.0473 |       0.1660 |     -15.5971 |     -80.4439 |
|       0.0474 |       0.1655 |     -15.6255 |     -80.4754 |
|       0.0476 |       0.1649 |     -15.6538 |     -80.5066 |
|       0.0477 |       0.1644 |     -15.6820 |     -80.5377 |
|       0.0479 |       0.1639 |     -15.7102 |     -80.5686 |
|       0.0481 |       0.1633 |     -15.7382 |     -80.5992 |
|       0.0482 |       0.1628 |     -15.7662 |     -80.6297 |
|       0.0484 |       0.1623 |     -15.7940 |     -80.6600 |
|       0.0485 |       0.1618 |     -15.8218 |     -80.6901 |
|       0.0487 |       0.1613 |     -15.8495 |     -80.7200 |
|       0.0489 |       0.1607 |     -15.8771 |     -80.7497 |
|       0.0490 |       0.1602 |     -15.9046 |     -80.7792 |
|       0.0492 |       0.1597 |     -15.9320 |     -80.8085 |
|       0.0493 |       0.1592 |     -15.9594 |     -80.8377 |
|       0.0495 |       0.1587 |     -15.9867 |     -80.8666 |
|       0.0497 |       0.1582 |     -16.0138 |     -80.8954 |
|       0.0498 |       0.1577 |     -16.0409 |     -80.9240 |
|       0.0500 |       0.1573 |     -16.0680 |     -80.9525 |
|       0.0501 |       0.1568 |     -16.0949 |     -80.9807 |
|       0.0503 |       0.1563 |     -16.1218 |     -81.0088 |
|       0.0505 |       0.1558 |     -16.1485 |     -81.0367 |
|       0.0506 |       0.1553 |     -16.1752 |     -81.0644 |
|       0.0508 |       0.1548 |     -16.2018 |     -81.0920 |
|       0.0509 |       0.1544 |     -16.2284 |     -81.1194 |
|       0.0511 |       0.1539 |     -16.2548 |     -81.1466 |
|       0.0512 |       0.1534 |     -16.2812 |     -81.1737 |
|       0.0514 |       0.1530 |     -16.3075 |     -81.2005 |
|       0.0516 |       0.1525 |     -16.3337 |     -81.2273 |
|       0.0517 |       0.1521 |     -16.3599 |     -81.2539 |
|       0.0519 |       0.1516 |     -16.3860 |     -81.2803 |
|       0.0520 |       0.1511 |     -16.4119 |     -81.3065 |
|       0.0522 |       0.1507 |     -16.4379 |     -81.3326 |
|       0.0524 |       0.1503 |     -16.4637 |     -81.3586 |
|       0.0525 |       0.1498 |     -16.4895 |     -81.3844 |
|       0.0527 |       0.1494 |     -16.5152 |     -81.4100 |
|       0.0528 |       0.1489 |     -16.5408 |     -81.4355 |
|       0.0530 |       0.1485 |     -16.5663 |     -81.4608 |
|       0.0532 |       0.1481 |     -16.5918 |     -81.4860 |
|       0.0533 |       0.1476 |     -16.6172 |     -81.5111 |
|       0.0535 |       0.1472 |     -16.6425 |     -81.5360 |
|       0.0536 |       0.1468 |     -16.6678 |     -81.5607 |
|       0.0538 |       0.1463 |     -16.6930 |     -81.5853 |
|       0.0540 |       0.1459 |     -16.7181 |     -81.6098 |
|       0.0541 |       0.1455 |     -16.7431 |     -81.6341 |
|       0.0543 |       0.1451 |     -16.7681 |     -81.6583 |
|       0.0544 |       0.1447 |     -16.7930 |     -81.6824 |
|       0.0546 |       0.1442 |     -16.8178 |     -81.7063 |
|       0.0547 |       0.1438 |     -16.8426 |     -81.7301 |
|       0.0549 |       0.1434 |     -16.8673 |     -81.7537 |
|       0.0551 |       0.1430 |     -16.8919 |     -81.7772 |
|       0.0552 |       0.1426 |     -16.9165 |     -81.8006 |
|       0.0554 |       0.1422 |     -16.9409 |     -81.8238 |
|       0.0555 |       0.1418 |     -16.9654 |     -81.8469 |
|       0.0557 |       0.1414 |     -16.9897 |     -81.8699 |
|       0.0559 |       0.1410 |     -17.0140 |     -81.8928 |
|       0.0560 |       0.1406 |     -17.0382 |     -81.9155 |
|       0.0562 |       0.1402 |     -17.0624 |     -81.9381 |
|       0.0563 |       0.1399 |     -17.0865 |     -81.9606 |
|       0.0565 |       0.1395 |     -17.1105 |     -81.9829 |
|       0.0567 |       0.1391 |     -17.1345 |     -82.0052 |
|       0.0568 |       0.1387 |     -17.1584 |     -82.0273 |
|       0.0570 |       0.1383 |     -17.1822 |     -82.0492 |
|       0.0571 |       0.1379 |     -17.2059 |     -82.0711 |
|       0.0573 |       0.1376 |     -17.2297 |     -82.0929 |
|       0.0575 |       0.1372 |     -17.2533 |     -82.1145 |
|       0.0576 |       0.1368 |     -17.2769 |     -82.1360 |
|       0.0578 |       0.1365 |     -17.3004 |     -82.1574 |
|       0.0579 |       0.1361 |     -17.3238 |     -82.1787 |
|       0.0581 |       0.1357 |     -17.3472 |     -82.1998 |
|       0.0583 |       0.1354 |     -17.3706 |     -82.2209 |
|       0.0584 |       0.1350 |     -17.3938 |     -82.2418 |
|       0.0586 |       0.1346 |     -17.4170 |     -82.2626 |
|       0.0587 |       0.1343 |     -17.4402 |     -82.2834 |
|       0.0589 |       0.1339 |     -17.4633 |     -82.3040 |
|       0.0590 |       0.1336 |     -17.4863 |     -82.3245 |
|       0.0592 |       0.1332 |     -17.5092 |     -82.3449 |
|       0.0594 |       0.1329 |     -17.5321 |     -82.3651 |
|       0.0595 |       0.1325 |     -17.5550 |     -82.3853 |
|       0.0597 |       0.1322 |     -17.5778 |     -82.4054 |
|       0.0598 |       0.1318 |     -17.6005 |     -82.4253 |
|       0.0600 |       0.1315 |     -17.6232 |     -82.4452 |
|       0.0602 |       0.1311 |     -17.6458 |     -82.4650 |
|       0.0603 |       0.1308 |     -17.6683 |     -82.4846 |
|       0.0605 |       0.1305 |     -17.6908 |     -82.5042 |
|       0.0606 |       0.1301 |     -17.7133 |     -82.5236 |
|       0.0608 |       0.1298 |     -17.7357 |     -82.5430 |
|       0.0610 |       0.1294 |     -17.7580 |     -82.5622 |
|       0.0611 |       0.1291 |     -17.7803 |     -82.5814 |
|       0.0613 |       0.1288 |     -17.8025 |     -82.6004 |
|       0.0614 |       0.1285 |     -17.8246 |     -82.6194 |
|       0.0616 |       0.1281 |     -17.8467 |     -82.6382 |
|       0.0618 |       0.1278 |     -17.8688 |     -82.6570 |
|       0.0619 |       0.1275 |     -17.8908 |     -82.6757 |
|       0.0621 |       0.1272 |     -17.9127 |     -82.6943 |
|       0.0622 |       0.1268 |     -17.9346 |     -82.7127 |
|       0.0624 |       0.1265 |     -17.9564 |     -82.7311 |
|       0.0625 |       0.1262 |     -17.9782 |     -82.7494 |
|       0.0627 |       0.1259 |     -17.9999 |     -82.7676 |
|       0.0629 |       0.1256 |     -18.0216 |     -82.7858 |
|       0.0630 |       0.1253 |     -18.0432 |     -82.8038 |
|       0.0632 |       0.1250 |     -18.0648 |     -82.8217 |
|       0.0633 |       0.1246 |     -18.0863 |     -82.8396 |
|       0.0635 |       0.1243 |     -18.1077 |     -82.8573 |
|       0.0637 |       0.1240 |     -18.1292 |     -82.8750 |
|       0.0638 |       0.1237 |     -18.1505 |     -82.8926 |
|       0.0640 |       0.1234 |     -18.1718 |     -82.9101 |
|       0.0641 |       0.1231 |     -18.1931 |     -82.9275 |
|       0.0643 |       0.1228 |     -18.2143 |     -82.9448 |
|       0.0645 |       0.1225 |     -18.2354 |     -82.9621 |
|       0.0646 |       0.1222 |     -18.2565 |     -82.9792 |
|       0.0648 |       0.1219 |     -18.2776 |     -82.9963 |
|       0.0649 |       0.1216 |     -18.2986 |     -83.0133 |
|       0.0651 |       0.1213 |     -18.3195 |     -83.0302 |
|       0.0653 |       0.1211 |     -18.3404 |     -83.0471 |
|       0.0654 |       0.1208 |     -18.3613 |     -83.0638 |
|       0.0656 |       0.1205 |     -18.3821 |     -83.0805 |
|       0.0657 |       0.1202 |     -18.4028 |     -83.0971 |
|       0.0659 |       0.1199 |     -18.4235 |     -83.1136 |
|       0.0660 |       0.1196 |     -18.4442 |     -83.1300 |
|       0.0662 |       0.1193 |     -18.4648 |     -83.1464 |
|       0.0664 |       0.1191 |     -18.4853 |     -83.1627 |
|       0.0665 |       0.1188 |     -18.5058 |     -83.1789 |
|       0.0667 |       0.1185 |     -18.5263 |     -83.1950 |
|       0.0668 |       0.1182 |     -18.5467 |     -83.2110 |
|       0.0670 |       0.1179 |     -18.5671 |     -83.2270 |
|       0.0672 |       0.1177 |     -18.5874 |     -83.2429 |
|       0.0673 |       0.1174 |     -18.6077 |     -83.2587 |
|       0.0675 |       0.1171 |     -18.6279 |     -83.2745 |
|       0.0676 |       0.1168 |     -18.6481 |     -83.2902 |
|       0.0678 |       0.1166 |     -18.6682 |     -83.3058 |
|       0.0680 |       0.1163 |     -18.6883 |     -83.3213 |
|       0.0681 |       0.1160 |     -18.7084 |     -83.3368 |
|       0.0683 |       0.1158 |     -18.7284 |     -83.3522 |
|       0.0684 |       0.1155 |     -18.7483 |     -83.3675 |
|       0.0686 |       0.1152 |     -18.7682 |     -83.3827 |
|       0.0688 |       0.1150 |     -18.7881 |     -83.3979 |
|       0.0689 |       0.1147 |     -18.8079 |     -83.4130 |
|       0.0691 |       0.1145 |     -18.8277 |     -83.4281 |
|       0.0692 |       0.1142 |     -18.8474 |     -83.4431 |
|       0.0694 |       0.1139 |     -18.8671 |     -83.4580 |
|       0.0696 |       0.1137 |     -18.8867 |     -83.4728 |
|       0.0697 |       0.1134 |     -18.9063 |     -83.4876 |
|       0.0699 |       0.1132 |     -18.9259 |     -83.5023 |
|       0.0700 |       0.1129 |     -18.9454 |     -83.5169 |
|       0.0702 |       0.1127 |     -18.9648 |     -83.5315 |
|       0.0703 |       0.1124 |     -18.9843 |     -83.5460 |
|       0.0705 |       0.1122 |     -19.0037 |     -83.5605 |
|       0.0707 |       0.1119 |     -19.0230 |     -83.5748 |
|       0.0708 |       0.1117 |     -19.0423 |     -83.5892 |
|       0.0710 |       0.1114 |     -19.0615 |     -83.6034 |
|       0.0711 |       0.1112 |     -19.0808 |     -83.6176 |
|       0.0713 |       0.1109 |     -19.0999 |     -83.6317 |
|       0.0715 |       0.1107 |     -19.1191 |     -83.6458 |
|       0.0716 |       0.1104 |     -19.1381 |     -83.6598 |
|       0.0718 |       0.1102 |     -19.1572 |     -83.6738 |
|       0.0719 |       0.1099 |     -19.1762 |     -83.6876 |
|       0.0721 |       0.1097 |     -19.1952 |     -83.7015 |
|       0.0723 |       0.1095 |     -19.2141 |     -83.7152 |
|       0.0724 |       0.1092 |     -19.2330 |     -83.7289 |
|       0.0726 |       0.1090 |     -19.2518 |     -83.7426 |
|       0.0727 |       0.1088 |     -19.2706 |     -83.7561 |
|       0.0729 |       0.1085 |     -19.2894 |     -83.7697 |
|       0.0731 |       0.1083 |     -19.3081 |     -83.7831 |
|       0.0732 |       0.1081 |     -19.3268 |     -83.7965 |
|       0.0734 |       0.1078 |     -19.3454 |     -83.8099 |
|       0.0735 |       0.1076 |     -19.3640 |     -83.8232 |
|       0.0737 |       0.1074 |     -19.3826 |     -83.8364 |
|       0.0738 |       0.1071 |     -19.4011 |     -83.8496 |
|       0.0740 |       0.1069 |     -19.4196 |     -83.8627 |
|       0.0742 |       0.1067 |     -19.4380 |     -83.8758 |
|       0.0743 |       0.1065 |     -19.4564 |     -83.8888 |
|       0.0745 |       0.1062 |     -19.4748 |     -83.9018 |
|       0.0746 |       0.1060 |     -19.4931 |     -83.9147 |
|       0.0748 |       0.1058 |     -19.5114 |     -83.9275 |
|       0.0750 |       0.1056 |     -19.5297 |     -83.9403 |
|       0.0751 |       0.1053 |     -19.5479 |     -83.9531 |
|       0.0753 |       0.1051 |     -19.5661 |     -83.9658 |
|       0.0754 |       0.1049 |     -19.5842 |     -83.9784 |
|       0.0756 |       0.1047 |     -19.6023 |     -83.9910 |
|       0.0758 |       0.1045 |     -19.6204 |     -84.0035 |
|       0.0759 |       0.1043 |     -19.6384 |     -84.0160 |
|       0.0761 |       0.1040 |     -19.6564 |     -84.0284 |
|       0.0762 |       0.1038 |     -19.6744 |     -84.0408 |
|       0.0764 |       0.1036 |     -19.6923 |     -84.0531 |
|       0.0766 |       0.1034 |     -19.7102 |     -84.0654 |
|       0.0767 |       0.1032 |     -19.7280 |     -84.0776 |
|       0.0769 |       0.1030 |     -19.7458 |     -84.0898 |
|       0.0770 |       0.1028 |     -19.7636 |     -84.1019 |
|       0.0772 |       0.1025 |     -19.7813 |     -84.1140 |
|       0.0773 |       0.1023 |     -19.7990 |     -84.1260 |
|       0.0775 |       0.1021 |     -19.8167 |     -84.1380 |
|       0.0777 |       0.1019 |     -19.8343 |     -84.1499 |
|       0.0778 |       0.1017 |     -19.8519 |     -84.1618 |
|       0.0780 |       0.1015 |     -19.8695 |     -84.1736 |
|       0.0781 |       0.1013 |     -19.8870 |     -84.1854 |
|       0.0783 |       0.1011 |     -19.9045 |     -84.1972 |
|       0.0785 |       0.1009 |     -19.9220 |     -84.2089 |
|       0.0786 |       0.1007 |     -19.9394 |     -84.2205 |
|       0.0788 |       0.1005 |     -19.9568 |     -84.2321 |
|       0.0789 |       0.1003 |     -19.9741 |     -84.2437 |
|       0.0791 |       0.1001 |     -19.9914 |     -84.2552 |
|       0.0793 |       0.0999 |     -20.0087 |     -84.2666 |
|       0.0794 |       0.0997 |     -20.0260 |     -84.2780 |
|       0.0796 |       0.0995 |     -20.0432 |     -84.2894 |
|       0.0797 |       0.0993 |     -20.0604 |     -84.3007 |
|       0.0799 |       0.0991 |     -20.0775 |     -84.3120 |
|       0.0801 |       0.0989 |     -20.0946 |     -84.3232 |
|       0.0802 |       0.0987 |     -20.1117 |     -84.3344 |
|       0.0804 |       0.0985 |     -20.1288 |     -84.3456 |
|       0.0805 |       0.0983 |     -20.1458 |     -84.3567 |
|       0.0807 |       0.0981 |     -20.1628 |     -84.3677 |
|       0.0809 |       0.0980 |     -20.1797 |     -84.3787 |
|       0.0810 |       0.0978 |     -20.1966 |     -84.3897 |
|       0.0812 |       0.0976 |     -20.2135 |     -84.4007 |
|       0.0813 |       0.0974 |     -20.2304 |     -84.4115 |
|       0.0815 |       0.0972 |     -20.2472 |     -84.4224 |
|       0.0816 |       0.0970 |     -20.2640 |     -84.4332 |
|       0.0818 |       0.0968 |     -20.2807 |     -84.4439 |
|       0.0820 |       0.0966 |     -20.2975 |     -84.4547 |
|       0.0821 |       0.0964 |     -20.3142 |     -84.4653 |
|       0.0823 |       0.0963 |     -20.3308 |     -84.4760 |
|       0.0824 |       0.0961 |     -20.3474 |     -84.4866 |
|       0.0826 |       0.0959 |     -20.3640 |     -84.4971 |
|       0.0828 |       0.0957 |     -20.3806 |     -84.5077 |
|       0.0829 |       0.0955 |     -20.3971 |     -84.5181 |
|       0.0831 |       0.0953 |     -20.4137 |     -84.5286 |
|       0.0832 |       0.0952 |     -20.4301 |     -84.5390 |
|       0.0834 |       0.0950 |     -20.4466 |     -84.5493 |
|       0.0836 |       0.0948 |     -20.4630 |     -84.5597 |
|       0.0837 |       0.0946 |     -20.4794 |     -84.5699 |
|       0.0839 |       0.0945 |     -20.4957 |     -84.5802 |
|       0.0840 |       0.0943 |     -20.5120 |     -84.5904 |
|       0.0842 |       0.0941 |     -20.5283 |     -84.6005 |
|       0.0844 |       0.0939 |     -20.5446 |     -84.6107 |
|       0.0845 |       0.0937 |     -20.5608 |     -84.6208 |
|       0.0847 |       0.0936 |     -20.5770 |     -84.6308 |
|       0.0848 |       0.0934 |     -20.5932 |     -84.6408 |
|       0.0850 |       0.0932 |     -20.6093 |     -84.6508 |
|       0.0851 |       0.0931 |     -20.6254 |     -84.6607 |
|       0.0853 |       0.0929 |     -20.6415 |     -84.6706 |
|       0.0855 |       0.0927 |     -20.6575 |     -84.6805 |
|       0.0856 |       0.0925 |     -20.6736 |     -84.6903 |
|       0.0858 |       0.0924 |     -20.6896 |     -84.7001 |
|       0.0859 |       0.0922 |     -20.7055 |     -84.7099 |
|       0.0861 |       0.0920 |     -20.7215 |     -84.7196 |
|       0.0863 |       0.0919 |     -20.7374 |     -84.7293 |
|       0.0864 |       0.0917 |     -20.7532 |     -84.7390 |
|       0.0866 |       0.0915 |     -20.7691 |     -84.7486 |
|       0.0867 |       0.0914 |     -20.7849 |     -84.7582 |
|       0.0869 |       0.0912 |     -20.8007 |     -84.7677 |
|       0.0871 |       0.0910 |     -20.8165 |     -84.7772 |
|       0.0872 |       0.0909 |     -20.8322 |     -84.7867 |
|       0.0874 |       0.0907 |     -20.8479 |     -84.7961 |
|       0.0875 |       0.0905 |     -20.8636 |     -84.8055 |
|       0.0877 |       0.0904 |     -20.8792 |     -84.8149 |
|       0.0879 |       0.0902 |     -20.8948 |     -84.8243 |
|       0.0880 |       0.0900 |     -20.9104 |     -84.8336 |
|       0.0882 |       0.0899 |     -20.9260 |     -84.8429 |
|       0.0883 |       0.0897 |     -20.9415 |     -84.8521 |
|       0.0885 |       0.0896 |     -20.9570 |     -84.8613 |
|       0.0886 |       0.0894 |     -20.9725 |     -84.8705 |
|       0.0888 |       0.0892 |     -20.9880 |     -84.8796 |
|       0.0890 |       0.0891 |     -21.0034 |     -84.8887 |
|       0.0891 |       0.0889 |     -21.0188 |     -84.8978 |
|       0.0893 |       0.0888 |     -21.0342 |     -84.9069 |
|       0.0894 |       0.0886 |     -21.0495 |     -84.9159 |
|       0.0896 |       0.0885 |     -21.0649 |     -84.9249 |
|       0.0898 |       0.0883 |     -21.0801 |     -84.9338 |
|       0.0899 |       0.0882 |     -21.0954 |     -84.9427 |
|       0.0901 |       0.0880 |     -21.1107 |     -84.9516 |
|       0.0902 |       0.0878 |     -21.1259 |     -84.9605 |
|       0.0904 |       0.0877 |     -21.1411 |     -84.9693 |
|       0.0906 |       0.0875 |     -21.1562 |     -84.9781 |
|       0.0907 |       0.0874 |     -21.1714 |     -84.9869 |
|       0.0909 |       0.0872 |     -21.1865 |     -84.9956 |
|       0.0910 |       0.0871 |     -21.2015 |     -85.0043 |
|       0.0912 |       0.0869 |     -21.2166 |     -85.0130 |
|       0.0914 |       0.0868 |     -21.2316 |     -85.0216 |
|       0.0915 |       0.0866 |     -21.2466 |     -85.0302 |
|       0.0917 |       0.0865 |     -21.2616 |     -85.0388 |
|       0.0918 |       0.0863 |     -21.2766 |     -85.0474 |
|       0.0920 |       0.0862 |     -21.2915 |     -85.0559 |
|       0.0922 |       0.0860 |     -21.3064 |     -85.0644 |
|       0.0923 |       0.0859 |     -21.3213 |     -85.0729 |
|       0.0925 |       0.0857 |     -21.3361 |     -85.0813 |
|       0.0926 |       0.0856 |     -21.3510 |     -85.0897 |
|       0.0928 |       0.0854 |     -21.3658 |     -85.0981 |
|       0.0929 |       0.0853 |     -21.3805 |     -85.1065 |
|       0.0931 |       0.0852 |     -21.3953 |     -85.1148 |
|       0.0933 |       0.0850 |     -21.4100 |     -85.1231 |
|       0.0934 |       0.0849 |     -21.4247 |     -85.1313 |
|       0.0936 |       0.0847 |     -21.4394 |     -85.1396 |
|       0.0937 |       0.0846 |     -21.4541 |     -85.1478 |
|       0.0939 |       0.0844 |     -21.4687 |     -85.1560 |
|       0.0941 |       0.0843 |     -21.4833 |     -85.1641 |
|       0.0942 |       0.0842 |     -21.4979 |     -85.1723 |
|       0.0944 |       0.0840 |     -21.5124 |     -85.1804 |
|       0.0945 |       0.0839 |     -21.5270 |     -85.1884 |
|       0.0947 |       0.0837 |     -21.5415 |     -85.1965 |
|       0.0949 |       0.0836 |     -21.5559 |     -85.2045 |
|       0.0950 |       0.0835 |     -21.5704 |     -85.2125 |
|       0.0952 |       0.0833 |     -21.5848 |     -85.2205 |
|       0.0953 |       0.0832 |     -21.5992 |     -85.2284 |
|       0.0955 |       0.0830 |     -21.6136 |     -85.2363 |
|       0.0957 |       0.0829 |     -21.6280 |     -85.2442 |
|       0.0958 |       0.0828 |     -21.6423 |     -85.2521 |
|       0.0960 |       0.0826 |     -21.6567 |     -85.2599 |
|       0.0961 |       0.0825 |     -21.6710 |     -85.2677 |
|       0.0963 |       0.0824 |     -21.6852 |     -85.2755 |
|       0.0964 |       0.0822 |     -21.6995 |     -85.2833 |
|       0.0966 |       0.0821 |     -21.7137 |     -85.2910 |
|       0.0968 |       0.0820 |     -21.7279 |     -85.2987 |
|       0.0969 |       0.0818 |     -21.7421 |     -85.3064 |
|       0.0971 |       0.0817 |     -21.7562 |     -85.3141 |
|       0.0972 |       0.0816 |     -21.7704 |     -85.3217 |
|       0.0974 |       0.0814 |     -21.7845 |     -85.3293 |
|       0.0976 |       0.0813 |     -21.7986 |     -85.3369 |
|       0.0977 |       0.0812 |     -21.8126 |     -85.3445 |
|       0.0979 |       0.0810 |     -21.8267 |     -85.3520 |
|       0.0980 |       0.0809 |     -21.8407 |     -85.3595 |
|       0.0982 |       0.0808 |     -21.8547 |     -85.3670 |
|       0.0984 |       0.0806 |     -21.8687 |     -85.3745 |
|       0.0985 |       0.0805 |     -21.8826 |     -85.3819 |
|       0.0987 |       0.0804 |     -21.8965 |     -85.3893 |
|       0.0988 |       0.0803 |     -21.9104 |     -85.3967 |
|       0.0990 |       0.0801 |     -21.9243 |     -85.4041 |
|       0.0992 |       0.0800 |     -21.9382 |     -85.4114 |
|       0.0993 |       0.0799 |     -21.9520 |     -85.4188 |
|       0.0995 |       0.0797 |     -21.9659 |     -85.4261 |
|       0.0996 |       0.0796 |     -21.9797 |     -85.4333 |
|       0.0998 |       0.0795 |     -21.9934 |     -85.4406 |
|       0.0999 |       0.0794 |     -22.0072 |     -85.4478 |
|       0.1001 |       0.0792 |     -22.0209 |     -85.4550 |
|       0.1003 |       0.0791 |     -22.0346 |     -85.4622 |
|       0.1004 |       0.0790 |     -22.0483 |     -85.4694 |
|       0.1006 |       0.0789 |     -22.0620 |     -85.4765 |
|       0.1007 |       0.0787 |     -22.0756 |     -85.4836 |
|       0.1009 |       0.0786 |     -22.0893 |     -85.4907 |
|       0.1011 |       0.0785 |     -22.1029 |     -85.4978 |
|       0.1012 |       0.0784 |     -22.1165 |     -85.5048 |
|       0.1014 |       0.0783 |     -22.1300 |     -85.5119 |
|       0.1015 |       0.0781 |     -22.1436 |     -85.5189 |
|       0.1017 |       0.0780 |     -22.1571 |     -85.5259 |
|       0.1019 |       0.0779 |     -22.1706 |     -85.5328 |
|       0.1020 |       0.0778 |     -22.1841 |     -85.5398 |
|       0.1022 |       0.0776 |     -22.1975 |     -85.5467 |
|       0.1023 |       0.0775 |     -22.2110 |     -85.5536 |
|       0.1025 |       0.0774 |     -22.2244 |     -85.5604 |
|       0.1027 |       0.0773 |     -22.2378 |     -85.5673 |
|       0.1028 |       0.0772 |     -22.2511 |     -85.5741 |
|       0.1030 |       0.0771 |     -22.2645 |     -85.5810 |
|       0.1031 |       0.0769 |     -22.2778 |     -85.5877 |
|       0.1033 |       0.0768 |     -22.2911 |     -85.5945 |
|       0.1035 |       0.0767 |     -22.3044 |     -85.6013 |
|       0.1036 |       0.0766 |     -22.3177 |     -85.6080 |
|       0.1038 |       0.0765 |     -22.3310 |     -85.6147 |
|       0.1039 |       0.0763 |     -22.3442 |     -85.6214 |
|       0.1041 |       0.0762 |     -22.3574 |     -85.6281 |
|       0.1042 |       0.0761 |     -22.3706 |     -85.6347 |
|       0.1044 |       0.0760 |     -22.3838 |     -85.6413 |
|       0.1046 |       0.0759 |     -22.3969 |     -85.6479 |
|       0.1047 |       0.0758 |     -22.4101 |     -85.6545 |
|       0.1049 |       0.0757 |     -22.4232 |     -85.6611 |
|       0.1050 |       0.0755 |     -22.4363 |     -85.6677 |
|       0.1052 |       0.0754 |     -22.4494 |     -85.6742 |
|       0.1054 |       0.0753 |     -22.4624 |     -85.6807 |
|       0.1055 |       0.0752 |     -22.4754 |     -85.6872 |
|       0.1057 |       0.0751 |     -22.4885 |     -85.6937 |
|       0.1058 |       0.0750 |     -22.5015 |     -85.7001 |
|       0.1060 |       0.0749 |     -22.5144 |     -85.7065 |
|       0.1062 |       0.0748 |     -22.5274 |     -85.7130 |
|       0.1063 |       0.0746 |     -22.5403 |     -85.7193 |
|       0.1065 |       0.0745 |     -22.5533 |     -85.7257 |
|       0.1066 |       0.0744 |     -22.5662 |     -85.7321 |
|       0.1068 |       0.0743 |     -22.5790 |     -85.7384 |
|       0.1070 |       0.0742 |     -22.5919 |     -85.7447 |
|       0.1071 |       0.0741 |     -22.6048 |     -85.7510 |
|       0.1073 |       0.0740 |     -22.6176 |     -85.7573 |
|       0.1074 |       0.0739 |     -22.6304 |     -85.7636 |
|       0.1076 |       0.0738 |     -22.6432 |     -85.7698 |
|       0.1077 |       0.0737 |     -22.6559 |     -85.7760 |
|       0.1079 |       0.0735 |     -22.6687 |     -85.7823 |
|       0.1081 |       0.0734 |     -22.6814 |     -85.7884 |
|       0.1082 |       0.0733 |     -22.6941 |     -85.7946 |
|       0.1084 |       0.0732 |     -22.7068 |     -85.8008 |
|       0.1085 |       0.0731 |     -22.7195 |     -85.8069 |
|       0.1087 |       0.0730 |     -22.7322 |     -85.8130 |
|       0.1089 |       0.0729 |     -22.7448 |     -85.8191 |
|       0.1090 |       0.0728 |     -22.7574 |     -85.8252 |
|       0.1092 |       0.0727 |     -22.7700 |     -85.8313 |
|       0.1093 |       0.0726 |     -22.7826 |     -85.8373 |
|       0.1095 |       0.0725 |     -22.7952 |     -85.8433 |
|       0.1097 |       0.0724 |     -22.8077 |     -85.8493 |
|       0.1098 |       0.0723 |     -22.8203 |     -85.8553 |
|       0.1100 |       0.0722 |     -22.8328 |     -85.8613 |
|       0.1101 |       0.0721 |     -22.8453 |     -85.8673 |
|       0.1103 |       0.0720 |     -22.8578 |     -85.8732 |
|       0.1105 |       0.0719 |     -22.8702 |     -85.8792 |
|       0.1106 |       0.0718 |     -22.8827 |     -85.8851 |
|       0.1108 |       0.0717 |     -22.8951 |     -85.8910 |
|       0.1109 |       0.0716 |     -22.9075 |     -85.8968 |
|       0.1111 |       0.0715 |     -22.9199 |     -85.9027 |
|       0.1112 |       0.0713 |     -22.9322 |     -85.9085 |
|       0.1114 |       0.0712 |     -22.9446 |     -85.9144 |
|       0.1116 |       0.0711 |     -22.9569 |     -85.9202 |
|       0.1117 |       0.0710 |     -22.9693 |     -85.9260 |
|       0.1119 |       0.0709 |     -22.9816 |     -85.9317 |
|       0.1120 |       0.0708 |     -22.9938 |     -85.9375 |
|       0.1122 |       0.0707 |     -23.0061 |     -85.9432 |
|       0.1124 |       0.0706 |     -23.0184 |     -85.9490 |
|       0.1125 |       0.0705 |     -23.0306 |     -85.9547 |
|       0.1127 |       0.0704 |     -23.0428 |     -85.9604 |
|       0.1128 |       0.0703 |     -23.0550 |     -85.9660 |
|       0.1130 |       0.0702 |     -23.0672 |     -85.9717 |
|       0.1132 |       0.0702 |     -23.0794 |     -85.9774 |
|       0.1133 |       0.0701 |     -23.0915 |     -85.9830 |
|       0.1135 |       0.0700 |     -23.1036 |     -85.9886 |
|       0.1136 |       0.0699 |     -23.1157 |     -85.9942 |
|       0.1138 |       0.0698 |     -23.1278 |     -85.9998 |
|       0.1140 |       0.0697 |     -23.1399 |     -86.0054 |
|       0.1141 |       0.0696 |     -23.1520 |     -86.0109 |
|       0.1143 |       0.0695 |     -23.1640 |     -86.0164 |
|       0.1144 |       0.0694 |     -23.1761 |     -86.0220 |
|       0.1146 |       0.0693 |     -23.1881 |     -86.0275 |
|       0.1147 |       0.0692 |     -23.2001 |     -86.0330 |
|       0.1149 |       0.0691 |     -23.2121 |     -86.0384 |
|       0.1151 |       0.0690 |     -23.2240 |     -86.0439 |
|       0.1152 |       0.0689 |     -23.2360 |     -86.0494 |
|       0.1154 |       0.0688 |     -23.2479 |     -86.0548 |
|       0.1155 |       0.0687 |     -23.2598 |     -86.0602 |
|       0.1157 |       0.0686 |     -23.2717 |     -86.0656 |
|       0.1159 |       0.0685 |     -23.2836 |     -86.0710 |
|       0.1160 |       0.0684 |     -23.2955 |     -86.0764 |
|       0.1162 |       0.0683 |     -23.3073 |     -86.0817 |
|       0.1163 |       0.0682 |     -23.3192 |     -86.0871 |
|       0.1165 |       0.0681 |     -23.3310 |     -86.0924 |
|       0.1167 |       0.0681 |     -23.3428 |     -86.0977 |
|       0.1168 |       0.0680 |     -23.3546 |     -86.1030 |
|       0.1170 |       0.0679 |     -23.3663 |     -86.1083 |
|       0.1171 |       0.0678 |     -23.3781 |     -86.1136 |
|       0.1173 |       0.0677 |     -23.3898 |     -86.1188 |
|       0.1175 |       0.0676 |     -23.4016 |     -86.1241 |
|       0.1176 |       0.0675 |     -23.4133 |     -86.1293 |
|       0.1178 |       0.0674 |     -23.4249 |     -86.1345 |
|       0.1179 |       0.0673 |     -23.4366 |     -86.1397 |
|       0.1181 |       0.0672 |     -23.4483 |     -86.1449 |
|       0.1183 |       0.0671 |     -23.4599 |     -86.1501 |
|       0.1184 |       0.0671 |     -23.4716 |     -86.1552 |
|       0.1186 |       0.0670 |     -23.4832 |     -86.1604 |
|       0.1187 |       0.0669 |     -23.4948 |     -86.1655 |
|       0.1189 |       0.0668 |     -23.5064 |     -86.1706 |
|       0.1190 |       0.0667 |     -23.5179 |     -86.1757 |
|       0.1192 |       0.0666 |     -23.5295 |     -86.1808 |
|       0.1194 |       0.0665 |     -23.5410 |     -86.1859 |

|      Time(s) |      Vout(V) |
